#,Radio,Tv/Cable/Satlite,Live /Recorded,Total,Phono Mechanical,Synchronization,Private Copy,Reprint,Total,sale of Printed Music,Rental/Public Lending,Total,Intrest Investment Income,Misc,Internet Revenue,Grand Total
USA,215.79,215.79,163.38,594.96,471.07,59.22,0.16,0,530.44,192.54,0,192.54,11.34,0,1329.29,
Germany,58.54,87.91,195.7,341.62,282.6,175.66,22.32,0,480.58,128,9.84,137.84,38.33,0.67,999.04,
Japan,43.56,56.03,132.13,231.75,378.53,90.7,0.42,17.84,487.49,14.8,44.67,58.85,2.4,0,780.47,
UK,45.54,47.4,85.14,178.02,170.7,34.24,0,0,204.94,53.8,0,53.8,9.89,0,445.93,
France,22.19,122.58,184.74,329.5,163.42,116.46,52.04,0,331.92,52.24,0,52.24,18.36,0,732.03,
Italy,10.55,62.57,188.11,21.23,57.22,18.37,0,0,75.3,17.28,0,17.28,37.47,0,391.57,
Spain,8.33,41.26,14.86,64.44,50.5,14.82,12.23,0,77.4,0,0,0,13.13,0,154.97,
Netherland,7.5,34.91,35.07,77.49,149,2.54,2.95,0,164.5,38.43,0,38.43,22.1,0,302.53,
Canada,18.31,27.68,9.55,55.54,43.54,1.53,0,0,45.09,11.73,0,11.3,2.29,0,114.65,
Switzerland,15.63,18.99,18.83,53.46,17.04,0.51,3.03,0.23,20.81,21.99,0.09,22.07,2.81,2.46,101.62,
Australia/NZ,12.07,22.83,9.57,45.07,46.19,17.81,0,0.8,64.8,0,0,1.08,0.51,0.58,112.03,
Argentina,3.91,16.84,39.65,60.4,11.47,7.37,0,0,18.84,0,0,0,0,6.68,85.92,
Belgium,3.07,20.98,9.5,33.55,21.28,29.68,0,0,50.96,0,0.01,0,8.64,5.08,98.25,
Sweden,7.91,10.92,18.83,37.66,28.7,0,0,0,28.7,17.03,0,17.03,3.72,1.82,88.93,
Denmark,7.09,13.21,13.63,33.93,23.85,0,4.28,0,28.1,0,0,0,4.3,0,66.36,
Brazil,17.65,17.65,27.32,62.62,0,0,0,0,0,0,0,0,0.61,0,63.22,
Poland,2.91,6.09,1.79,10.78,2.1,0.09,0,0,2.26,0,0,0,0,2.17,15.22,
Republic of Croatia,0,0,0,0,0.61,0.5,0,0,0,0,0,0,0.08,0,1.59,
Mexico,0,0,0,12.03,3.57,0.08,0,0,3.65,0,0,0,0,0,15.68,
Finland,8.07,6.66,3.4,18.3,9.34,0.48,0.77,0,10.6,4.01,0,4.01,3,0,35.74,
Norway,0,0,0,0,15.7,0,0,0,15.7,0,0,0,1.27,0,16.97,
Austria,66.59,14.79,36.15,117.52,12.19,0.82,2.94,0,15.94,8.57,0,8.57,2.81,2.46,101.62,
Portugal,1.04,7.34,4.03,12.41,11.06,7.67,0,0,18.73,0,0.11,0.11,0.48,0.66,32.38,
Greece,0,0,0,0,15.22,0.57,0,0,15.79,0,0,0,0,0.01,15.8,
Hungary,1.03,1.67,5.35,8.05,1.95,0,0.68,0,2.63,0,0,0,2.39,0,13.07,
South Korea,2.96,3.5,12.96,19.42,4.25,0.26,0,0,4.51,0.29,0,0.9,0,0.2,24.42,
Ireland,3.19,8.07,8.34,19.6,0,0,0,0,0,0,0,0,0,0,19.6,
Hong Kong,1.88,4.77,6.31,12.96,0.15,0.07,0,0,0.22,0,0,0,0.83,0,14.01,
Russain Federation,0,0,0,1.78,0,0,0,0,0.3,0,0,0,0.73,0,2.81,
Czech Republic,0,0,0,0,2.27,1.1,0.06,0,344,0,0,0,0,0,3.49,
Venezuela,,,,,,,,,,,,,,,,
Chile,0,0,0,4.56,0.43,0,0,0,0.44,0,0,0,0.56,0,5.56,
Isreal,2.99,3.04,1.6,7.63,3.19,0.4,0,0.18,3.78,0,0,0,0.69,0,12.1,
South Africa,0,0,0,0,8.45,2.43,0,0,10.88,0,0,0,0.3,0,11.27,
Slovak Republic,0.71,0.6,0.21,1.53,0.1,0,0.03,0,0.14,0,0,0,0.06,0.1,1.3,
China,0,0,0.01,0.01,0.14,0.6,0,0.03,0.77,0,0,0,0,0,1.59,
Turkey,0,0.04,0.01,0.05,0.46,0,0,0,0.46,0,0,0,0.01,0,0.8,
Malaysia,,,,,,,,,,,,,,,,
Romania,0,0,0,0,0.08,0,0,0,0.08,0,0,0,0,0,0.08,
Yugoslavia,,,,,,,,,,,,,,,,
Lithuania,0.11,0.21,0.1,0.43,0,0,0,0.01,0,0,0,0.01,0,0,0.44,
Iceland,0,0,0,0,0.42,0,0,0,0.42,0,0,0,0.03,0,0.45,
Philippines,0.13,0,0.13,0.25,0.02,0.026,0,0,0.28,0,0,0,0.02,0,0.45,
Egypt,0,0,0,0,0.14,0.03,0,0,0.17,0,0,0,0,0.12,0.29,
Zimbabwe,0.09,0.09,0.04,0.2,0,0,0,0,0,0,0,0,0.02,0,0.24,
