#,Radio,Tv/Cable/Satlite,Live /Recorded,Total,Phono Mechanical,Synchronization,Private Copy,Reprint,Total,sale of Printed Music,Rental/Public Lending,Total,Intrest Investment Income,Misc,Grand Total
USA,242.03,274.69,181.22,697.94,530.14,111.53,0,0,641.67,233.73,0,233.73,20.16,1.33,1594.83
Germany,57.39,110.54,235.4,403.33,264.8,202.85,21.08,0,488.73,131.92,10.62,142.55,37.92,0.34,1072.87
Japan,119.24,14.7,180.44,314.43,395.85,90.85,6.41,0,493.12,18.68,44.43,63.11,2.07,0.08,872.8
UK,58.05,65.06,107.82,230.94,266.87,47,1.41,0,315.38,65,0,65.11,14.23,4.04,629.7
France,27.23,138.23,82.78,248.32,134.78,202.4,27.04,0,364.22,54.83,0,54.83,34.52,29.9,731.85
Italy,17.28,79.77,240.22,337.27,59.02,4.87,9,0,72.89,20.52,0,20.52,32.78,0,463.46
Spain,11.26,47.96,21.61,80.83,60.95,74.74,13.79,0,149.8,0,0,0,12.87,0,243.17
Netherland,8.11,42.84,45.23,96.17,39.61,14.12,3,0,56.77,25.17,0,25.17,15.55,0,193.62
Canada,20.87,34.3,7.13,62.31,47.7,5,0,0,52.56,13.84,0,13.84,3.55,0,132.25
Switzerland,18.72,22.32,30.26,71.3,25.93,6.82,2.65,0,52.56,13.84,0,13.84,3.55,0,132.25
Australia/NZ,12.42,24.08,3.44,49.94,49.9,18.57,0,0,30.44,18.77,0,18.77,1.03,1.15,99.81
Argentina,5.73,23.22,45.48,74.43,19.67,9.27,0,0,69.25,0,0,0,1.49,0.09,120.77
Belgium,13.98,39.03,7.13,62.31,47.47,5,0,0,52.56,13.84,0,13.84,3.55,0,132.96
Sweden,9.57,18,20.84,48.82,30.44,0,0,0,30.44,18.77,0,18.77,1.03,1.15,99.81
Denmark,8,16.8,16.01,40.81,24.68,6.79,0,0,31.47,0,0,0,7.43,0,79.74
Brazil,5.52,18.82,47.93,72.27,0,0,0,0,0,0,0,0,0,0,72.27
Poland,6.57,15.87,7.06,29.05,9.37,0.09,1.05,0,10.52,0,0,0,6.11,0.03,46.16
Republic of Croatia,1.18,1.18,0,2.35,1.47,0,0,0,1.47,0.15,0,0.15,0,0,3.97
Mexico,1.5,9.2,5.1,15.8,23.7,6.6,0,0,30.29,0.04,0.03,0.07,0,0,46.16
Finland,10.72,10,12.05,32.78,9.87,0.84,1.16,0,11.87,4.43,0,4.43,1.1,0.17,50.35
Norway,0,0,0,0,16.46,0,0,16.46,0,0,0,0,0,0,16.46
Austria,0,0,0,0,11.99,7.45,2.59,0,22.03,9.45,0.06,9.51,2.87,0.55,34.95
Portugal,0.92,4.28,14.5,19.7,12.24,2.06,0,0,14.3,0,0,0,0,0.08,34.08
Greece,5.97,5.97,5.97,17.9,1.3,0,0,1.3,0,0,0,0,0.05,0,19.25
Hungary,1.21,6.05,10.49,17.75,3.68,1.06,1.8,0,6.54,0,0,0,3.43,0.02,27.74
South Korea,3.93,5.37,15.68,24.98,4.3,0.2,0.15,0,4.65,0.27,0.27,0,0.8,0,18.18
Ireland,3.66,9.24,9.96,22.8,0,0,0,0,0,0,0,0,0.4,0.5,23.42
Hong Kong,2.17,5.26,6.31,13.74,0.14,0.05,0,0,0.18,0,0,0,0.37,0.57,14.87
Russain Federation,0,0,0,0.01,0,0,0,0,0,0,0,0,0,0,0.01
Czech Republic,1.15,1.88,3.13,6.17,4.69,0.65,0.06,0.02,5.42,0,0,0,1.18,1.33,14.11
Venezuela,,,,,,,,,,,,,,,
Chile,1.14,4.43,0,5.9,0.73,0,0,0,0.73,0,0,0,0.59,0,7.23
Isreal,10.28,1.98,2.34,14.6,3.73,1.48,0,0,5.21,0,0,0,1.35,0,21.17
South Africa,0,0,0,0,13.08,4.29,0,0,17.37,0,0,0,0.8,0,18.18
Slovak Republic,0.63,0.54,0.18,1.35,0.17,0,0.01,0,0.9,0,0,0,0.11,0.17,1.81
China,0,0,0,0,0.02,1.98,0,0.08,2.08,0,0,0,0,0,2.08
Turkey,0.09,6.63,0,6.71,3.98,0,0,16.46,0,0,0,0,0,0,16.46
Malaysia,,,,,,,,,,,,,,,
Romania,,,,,,,,,,,,,,,
Yugoslavia,,,,,,,,,,,,,,,
Lithuania,0.23,0.55,0.04,0.81,0.03,0,0,0,0.23,0,0,0,0,0,1.81
Iceland,1,1,0,1.99,0.82,0,0,0.82,0,0,0,0,0,0,2.82
Philippines,0.22,0,0.15,0.37,0.01,0.12,0,0,0.13,0,0,0,0.04,0.02,0.55
Egypt,0,0,0,0,0,0,0,0,0,0,0,0,0,0,0
Zimbabwe,0.14,0.19,0,0.33,0,0,0,0,0,0,0,0,0.03,0.02,0.39
