#,Radio,Tv/Cable/Satlite,Live /Recorded,Total,Phono Mechanical,Synchronization,Private Copy,Reprint,Total,sale of Printed Music,Rental/Public Lending,Total,Intrest Investment Income,Misc,Grand Total
USA,260.96,305.54,185.79,752.29,584.24,157.92,0,0,742.16,301,0,301,19.36,1.51,1816.32
Germany,49.72,87.14,181.35,318.48,196.56,69.69,15.22,0,281.47,133.5,7.09,140.59,13.33,13.45,767.32
Japan,121.35,12.12,187.12,320.59,369.12,87,7.41,24.26,487.79,18.19,40.24,59.15,0.97,42.98,911.48
UK,61.3,67.43,123.8,252.53,217.32,47.75,0.37,0,265.44,65.89,0,65.89,7.75,0,591.61
France,21.29,113.88,177.88,312.65,98.6,46.48,18.64,0,163.72,55.48,0,55.48,26.44,23.89,582.22
Italy,11.95,68.63,17.02,251.6,55.41,18.87,432,0,78.6,20.77,0,20.77,0,0,350.97
Spain,9.03,37.45,15.92,62.4,49.6,57.98,12.2,0,119.84,0,0,0,9.5,0,191.74
Netherland,7.6,40,42.2,89.8,21.23,11.32,2.04,0,34.59,21.61,0,21.61,0,0,146
Canada,20.25,51.55,6.75,78.55,45.68,18.19,0,0,63.87,10.88,0,10.88,3.37,1.56,158.23
Switzerland,13.76,7.53,23.08,54.37,3.83,4.96,1.76,0,10.55,24.53,0.51,25.04,5.11,0,95.07
Australia/NZ,11.77,20.67,11.86,44.3,49.08,83.02,0,0.81,132.91,0,0,0,1.3,0.07,178.58
Argentina,5.54,24.52,44.76,74.82,18.5,0.02,0,0,8.32,0,0,0,5.39,9.17,107.9
Belgium,1.35,16.47,14.52,42.34,20.01,21.19,0,0,41.2,0,0,0,0,1.41,84.95
Sweden,7.94,12.8,16.09,36.83,24.21,0,0,0,24.21,19,0,19,0.53,1.42,81.99
Denmark,6.38,14.33,13.18,33.89,19.63,4.55,1,0,25.18,0,0,0,3.76,0.02,62.85
Brazil,8.14,12.42,24.45,45.01,0,0,0,0,0,0,0,0,0.93,0,45.4
Poland,6.06,16.57,5.47,28.1,6.81,0.04,0.94,0,7.79,0,0,0,4.53,0.02,40.44
Republic of Croatia,1.12,0.92,0.23,2.27,0.44,2.25,0,0,2.69,0.15,0,0.15,0,0,5.11
Mexico,2.19,12.75,7.09,22.03,31.9,2.94,0,0,34.84,0.03,0.02,0.05,0,0,56.92
Finland,7.71,8.82,9.96,26.49,7.85,0.53,0.7,0,9.08,4.48,0,4.48,0.91,0.11,41.07
Norway,5.95,5.65,8.72,20.32,13.08,0,0,0,13.08,0,0,0,1.45,0,34.85
Austria,0,0,0,0,9,6.65,2.08,0,17.76,9.56,0.04,9.6,1.89,0.42,29.67
Portugal,0.72,3.18,11.62,15.52,11.27,1.4,0,0,12.61,0,0,0,0,0.07,28.2
Greece,1.21,0,11.03,12.24,5.77,0.54,0,0,6.31,0,0,0,0,0,18.55
Hungary,79,4.87,7.39,13.05,1.96,0.64,1.39,0,3.99,0,0,0,2.1,0.01,19.19
South Korea,2.06,2.89,11.64,15.52,11.27,1.34,0,0,12.6,0,0,0,0,0.07,28.2
Ireland,3.98,9.24,10,23.23,0,0,0,0,12.27,4.7,0,4.7,1.87,0.62,20.29
Hong Kong,2.15,5.87,5.4,13.44,0.22,0.04,0,0,0.26,0,0,0,0.95,0.47,15.12
Russain Federation,0.36,1.11,0,2.23,0.14,0,0,0,0.14,0,0,0,0,0,2.6
Czech Republic,0.94,1.48,2.63,5.05,3.69,1.21,0.09,0,4.99,0,0,0,0.42,0,10.46
Venezuela,0.44,2.56,1.21,4.21,0.7,0,0,0,0.71,0,0,0,0,0,4.92
Chile,1.31,3.93,0,5.24,0.4,0.02,0,0,0.42,0,0,0,0.49,0,6.15
Isreal,0,0,0,0,2.19,3,0,0,5.19,0,0,0,0,0,5.19
South Africa,0,0,0,0,7.61,3.28,0,0,10.89,0,0,0,0.5,0,11.39
Slovak Republic,0.62,1.53,0.43,2.58,0.36,0,0.08,0,0.44,0,0,0,0.23,0.08,3.33
China,0,0,0.2,0.2,1.02,0.01,0,0.12,1.15,0,0,0,0,0,1.35
Turkey,0.02,3.64,0.01,3.67,1.67,0.03,0.01,0,1.71,0,0,0,0.66,0.12,6.16
Malaysia,1.12,1,0.99,2.46,0.14,0,0,0,0.14,0,0,0,0,0,2.6
Romania,0.19,0.3,0.93,1.52,1.52,0,0,0,1.52,0,0,0,0,0,3.04
Yugoslavia,0,0,0,0,0.02,0,0,0,0.02,0,0,0,0,0,0.02
Lithuania,0.1,0.5,0.26,0.86,0.03,0,0,0,0.03,0,0,0,0,0,0.89
Iceland,0,0,0,0,0.65,0,0,0,0.65,0,0,0,0,0,0.65
Philippines,0.15,0,0.15,0.3,0.03,0.06,0,0.09,0,0,0,0,0.02,0.01,0.42
Egypt,0,0,0,0,0.25,0.17,0,0,0.42,0,0,0,0,0,0.42
Zimbabwe,0.04,0.04,0.02,0.1,0,0,0,0,0,0,0,0,0.01,0.02,0.13
